s_adj,age,sex,unit,geotime,date,value
SA,TOTAL,F,THS_PER,AT,2017-10-01,102.0
SA,TOTAL,F,THS_PER,AT,2017-11-01,106.0
SA,TOTAL,F,THS_PER,AT,2017-12-01,106.0
SA,TOTAL,F,THS_PER,AT,2018-01-01,103.0
SA,TOTAL,F,THS_PER,AT,2018-02-01,101.0
SA,TOTAL,F,THS_PER,AT,2018-03-01,102.0
SA,TOTAL,F,THS_PER,AT,2018-04-01,98.0
SA,TOTAL,F,THS_PER,AT,2018-05-01,95.0
SA,TOTAL,F,THS_PER,AT,2018-06-01,95.0
SA,TOTAL,F,THS_PER,AT,2018-07-01,102.0
SA,TOTAL,F,THS_PER,AT,2018-08-01,106.0
SA,TOTAL,F,THS_PER,AT,2018-09-01,
SA,TOTAL,F,THS_PER,BE,2017-10-01,151.0
SA,TOTAL,F,THS_PER,BE,2017-11-01,147.0
SA,TOTAL,F,THS_PER,BE,2017-12-01,143.0
SA,TOTAL,F,THS_PER,BE,2018-01-01,136.0
SA,TOTAL,F,THS_PER,BE,2018-02-01,133.0
SA,TOTAL,F,THS_PER,BE,2018-03-01,134.0
SA,TOTAL,F,THS_PER,BE,2018-04-01,139.0
SA,TOTAL,F,THS_PER,BE,2018-05-01,142.0
SA,TOTAL,F,THS_PER,BE,2018-06-01,144.0
SA,TOTAL,F,THS_PER,BE,2018-07-01,149.0
SA,TOTAL,F,THS_PER,BE,2018-08-01,148.0
SA,TOTAL,F,THS_PER,BE,2018-09-01,
SA,TOTAL,F,THS_PER,BG,2017-10-01,90.0
SA,TOTAL,F,THS_PER,BG,2017-11-01,88.0
SA,TOTAL,F,THS_PER,BG,2017-12-01,84.0
SA,TOTAL,F,THS_PER,BG,2018-01-01,78.0
SA,TOTAL,F,THS_PER,BG,2018-02-01,74.0
SA,TOTAL,F,THS_PER,BG,2018-03-01,72.0
SA,TOTAL,F,THS_PER,BG,2018-04-01,74.0
SA,TOTAL,F,THS_PER,BG,2018-05-01,74.0
SA,TOTAL,F,THS_PER,BG,2018-06-01,73.0
SA,TOTAL,F,THS_PER,BG,2018-07-01,71.0
SA,TOTAL,F,THS_PER,BG,2018-08-01,70.0
SA,TOTAL,F,THS_PER,BG,2018-09-01,
SA,TOTAL,F,THS_PER,CY,2017-10-01,21.0
SA,TOTAL,F,THS_PER,CY,2017-11-01,21.0
SA,TOTAL,F,THS_PER,CY,2017-12-01,21.0
SA,TOTAL,F,THS_PER,CY,2018-01-01,21.0
SA,TOTAL,F,THS_PER,CY,2018-02-01,20.0
SA,TOTAL,F,THS_PER,CY,2018-03-01,19.0
SA,TOTAL,F,THS_PER,CY,2018-04-01,18.0
SA,TOTAL,F,THS_PER,CY,2018-05-01,17.0
SA,TOTAL,F,THS_PER,CY,2018-06-01,17.0
SA,TOTAL,F,THS_PER,CY,2018-07-01,17.0
SA,TOTAL,F,THS_PER,CY,2018-08-01,17.0
SA,TOTAL,F,THS_PER,CY,2018-09-01,
SA,TOTAL,F,THS_PER,CZ,2017-10-01,73.0
SA,TOTAL,F,THS_PER,CZ,2017-11-01,71.0
SA,TOTAL,F,THS_PER,CZ,2017-12-01,69.0
SA,TOTAL,F,THS_PER,CZ,2018-01-01,72.0
SA,TOTAL,F,THS_PER,CZ,2018-02-01,68.0
SA,TOTAL,F,THS_PER,CZ,2018-03-01,68.0
SA,TOTAL,F,THS_PER,CZ,2018-04-01,70.0
SA,TOTAL,F,THS_PER,CZ,2018-05-01,69.0
SA,TOTAL,F,THS_PER,CZ,2018-06-01,71.0
SA,TOTAL,F,THS_PER,CZ,2018-07-01,70.0
SA,TOTAL,F,THS_PER,CZ,2018-08-01,76.0
SA,TOTAL,F,THS_PER,CZ,2018-09-01,
SA,TOTAL,F,THS_PER,DE,2017-10-01,656.0
SA,TOTAL,F,THS_PER,DE,2017-11-01,641.0
SA,TOTAL,F,THS_PER,DE,2017-12-01,625.0
SA,TOTAL,F,THS_PER,DE,2018-01-01,611.0
SA,TOTAL,F,THS_PER,DE,2018-02-01,602.0
SA,TOTAL,F,THS_PER,DE,2018-03-01,596.0
SA,TOTAL,F,THS_PER,DE,2018-04-01,594.0
SA,TOTAL,F,THS_PER,DE,2018-05-01,592.0
SA,TOTAL,F,THS_PER,DE,2018-06-01,588.0
SA,TOTAL,F,THS_PER,DE,2018-07-01,583.0
SA,TOTAL,F,THS_PER,DE,2018-08-01,577.0
SA,TOTAL,F,THS_PER,DE,2018-09-01,
SA,TOTAL,F,THS_PER,DK,2017-10-01,82.0
SA,TOTAL,F,THS_PER,DK,2017-11-01,79.0
SA,TOTAL,F,THS_PER,DK,2017-12-01,80.0
SA,TOTAL,F,THS_PER,DK,2018-01-01,77.0
SA,TOTAL,F,THS_PER,DK,2018-02-01,78.0
SA,TOTAL,F,THS_PER,DK,2018-03-01,75.0
SA,TOTAL,F,THS_PER,DK,2018-04-01,78.0
SA,TOTAL,F,THS_PER,DK,2018-05-01,76.0
SA,TOTAL,F,THS_PER,DK,2018-06-01,74.0
SA,TOTAL,F,THS_PER,DK,2018-07-01,74.0
SA,TOTAL,F,THS_PER,DK,2018-08-01,71.0
SA,TOTAL,F,THS_PER,DK,2018-09-01,
SA,TOTAL,F,THS_PER,EA,2017-10-01,6935.0
SA,TOTAL,F,THS_PER,EA,2017-11-01,6885.0
SA,TOTAL,F,THS_PER,EA,2017-12-01,6824.0
SA,TOTAL,F,THS_PER,EA,2018-01-01,6831.0
SA,TOTAL,F,THS_PER,EA,2018-02-01,6724.0
SA,TOTAL,F,THS_PER,EA,2018-03-01,6683.0
SA,TOTAL,F,THS_PER,EA,2018-04-01,6605.0
SA,TOTAL,F,THS_PER,EA,2018-05-01,6507.0
SA,TOTAL,F,THS_PER,EA,2018-06-01,6505.0
SA,TOTAL,F,THS_PER,EA,2018-07-01,6446.0
SA,TOTAL,F,THS_PER,EA,2018-08-01,6393.0
SA,TOTAL,F,THS_PER,EA,2018-09-01,
SA,TOTAL,F,THS_PER,EA18,2017-10-01,6895.0
SA,TOTAL,F,THS_PER,EA18,2017-11-01,6845.0
SA,TOTAL,F,THS_PER,EA18,2017-12-01,6783.0
SA,TOTAL,F,THS_PER,EA18,2018-01-01,6792.0
SA,TOTAL,F,THS_PER,EA18,2018-02-01,6686.0
SA,TOTAL,F,THS_PER,EA18,2018-03-01,6644.0
SA,TOTAL,F,THS_PER,EA18,2018-04-01,6566.0
SA,TOTAL,F,THS_PER,EA18,2018-05-01,6468.0
SA,TOTAL,F,THS_PER,EA18,2018-06-01,6465.0
SA,TOTAL,F,THS_PER,EA18,2018-07-01,6405.0
SA,TOTAL,F,THS_PER,EA18,2018-08-01,6353.0
SA,TOTAL,F,THS_PER,EA18,2018-09-01,
SA,TOTAL,F,THS_PER,EA19,2017-10-01,6935.0
SA,TOTAL,F,THS_PER,EA19,2017-11-01,6885.0
SA,TOTAL,F,THS_PER,EA19,2017-12-01,6824.0
SA,TOTAL,F,THS_PER,EA19,2018-01-01,6831.0
SA,TOTAL,F,THS_PER,EA19,2018-02-01,6724.0
SA,TOTAL,F,THS_PER,EA19,2018-03-01,6683.0
SA,TOTAL,F,THS_PER,EA19,2018-04-01,6605.0
SA,TOTAL,F,THS_PER,EA19,2018-05-01,6507.0
SA,TOTAL,F,THS_PER,EA19,2018-06-01,6505.0
SA,TOTAL,F,THS_PER,EA19,2018-07-01,6446.0
SA,TOTAL,F,THS_PER,EA19,2018-08-01,6393.0
SA,TOTAL,F,THS_PER,EA19,2018-09-01,
SA,TOTAL,F,THS_PER,EE,2017-10-01,18.0
SA,TOTAL,F,THS_PER,EE,2017-11-01,18.0
SA,TOTAL,F,THS_PER,EE,2017-12-01,19.0
SA,TOTAL,F,THS_PER,EE,2018-01-01,21.0
SA,TOTAL,F,THS_PER,EE,2018-02-01,21.0
SA,TOTAL,F,THS_PER,EE,2018-03-01,18.0
SA,TOTAL,F,THS_PER,EE,2018-04-01,16.0
SA,TOTAL,F,THS_PER,EE,2018-05-01,17.0
SA,TOTAL,F,THS_PER,EE,2018-06-01,17.0
SA,TOTAL,F,THS_PER,EE,2018-07-01,18.0
SA,TOTAL,F,THS_PER,EE,2018-08-01,
SA,TOTAL,F,THS_PER,EE,2018-09-01,
SA,TOTAL,F,THS_PER,EL,2017-10-01,544.0
SA,TOTAL,F,THS_PER,EL,2017-11-01,544.0
SA,TOTAL,F,THS_PER,EL,2017-12-01,546.0
SA,TOTAL,F,THS_PER,EL,2018-01-01,538.0
SA,TOTAL,F,THS_PER,EL,2018-02-01,538.0
SA,TOTAL,F,THS_PER,EL,2018-03-01,522.0
SA,TOTAL,F,THS_PER,EL,2018-04-01,517.0
SA,TOTAL,F,THS_PER,EL,2018-05-01,511.0
SA,TOTAL,F,THS_PER,EL,2018-06-01,508.0
SA,TOTAL,F,THS_PER,EL,2018-07-01,502.0
SA,TOTAL,F,THS_PER,EL,2018-08-01,
SA,TOTAL,F,THS_PER,EL,2018-09-01,
SA,TOTAL,F,THS_PER,ES,2017-10-01,1946.0
SA,TOTAL,F,THS_PER,ES,2017-11-01,1940.0
SA,TOTAL,F,THS_PER,ES,2017-12-01,1934.0
SA,TOTAL,F,THS_PER,ES,2018-01-01,1933.0
SA,TOTAL,F,THS_PER,ES,2018-02-01,1913.0
SA,TOTAL,F,THS_PER,ES,2018-03-01,1876.0
SA,TOTAL,F,THS_PER,ES,2018-04-01,1843.0
SA,TOTAL,F,THS_PER,ES,2018-05-01,1822.0
SA,TOTAL,F,THS_PER,ES,2018-06-01,1811.0
SA,TOTAL,F,THS_PER,ES,2018-07-01,1815.0
SA,TOTAL,F,THS_PER,ES,2018-08-01,1824.0
SA,TOTAL,F,THS_PER,ES,2018-09-01,
SA,TOTAL,F,THS_PER,EU27,2017-10-01,8608.0
SA,TOTAL,F,THS_PER,EU27,2017-11-01,8547.0
SA,TOTAL,F,THS_PER,EU27,2017-12-01,8484.0
SA,TOTAL,F,THS_PER,EU27,2018-01-01,8451.0
SA,TOTAL,F,THS_PER,EU27,2018-02-01,8289.0
SA,TOTAL,F,THS_PER,EU27,2018-03-01,8244.0
SA,TOTAL,F,THS_PER,EU27,2018-04-01,8132.0
SA,TOTAL,F,THS_PER,EU27,2018-05-01,7991.0
SA,TOTAL,F,THS_PER,EU27,2018-06-01,8013.0
SA,TOTAL,F,THS_PER,EU27,2018-07-01,7938.0
SA,TOTAL,F,THS_PER,EU27,2018-08-01,7871.0
SA,TOTAL,F,THS_PER,EU27,2018-09-01,
SA,TOTAL,F,THS_PER,EU28,2017-10-01,8701.0
SA,TOTAL,F,THS_PER,EU28,2017-11-01,8637.0
SA,TOTAL,F,THS_PER,EU28,2017-12-01,8572.0
SA,TOTAL,F,THS_PER,EU28,2018-01-01,8538.0
SA,TOTAL,F,THS_PER,EU28,2018-02-01,8374.0
SA,TOTAL,F,THS_PER,EU28,2018-03-01,8326.0
SA,TOTAL,F,THS_PER,EU28,2018-04-01,8212.0
SA,TOTAL,F,THS_PER,EU28,2018-05-01,8069.0
SA,TOTAL,F,THS_PER,EU28,2018-06-01,8091.0
SA,TOTAL,F,THS_PER,EU28,2018-07-01,8014.0
SA,TOTAL,F,THS_PER,EU28,2018-08-01,7946.0
SA,TOTAL,F,THS_PER,EU28,2018-09-01,
SA,TOTAL,F,THS_PER,FI,2017-10-01,107.0
SA,TOTAL,F,THS_PER,FI,2017-11-01,107.0
SA,TOTAL,F,THS_PER,FI,2017-12-01,107.0
SA,TOTAL,F,THS_PER,FI,2018-01-01,106.0
SA,TOTAL,F,THS_PER,FI,2018-02-01,105.0
SA,TOTAL,F,THS_PER,FI,2018-03-01,103.0
SA,TOTAL,F,THS_PER,FI,2018-04-01,102.0
SA,TOTAL,F,THS_PER,FI,2018-05-01,100.0
SA,TOTAL,F,THS_PER,FI,2018-06-01,99.0
SA,TOTAL,F,THS_PER,FI,2018-07-01,99.0
SA,TOTAL,F,THS_PER,FI,2018-08-01,99.0
SA,TOTAL,F,THS_PER,FI,2018-09-01,99.0
SA,TOTAL,F,THS_PER,FR,2017-10-01,1307.0
SA,TOTAL,F,THS_PER,FR,2017-11-01,1307.0
SA,TOTAL,F,THS_PER,FR,2017-12-01,1316.0
SA,TOTAL,F,THS_PER,FR,2018-01-01,1331.0
SA,TOTAL,F,THS_PER,FR,2018-02-01,1332.0
SA,TOTAL,F,THS_PER,FR,2018-03-01,1325.0
SA,TOTAL,F,THS_PER,FR,2018-04-01,1316.0
SA,TOTAL,F,THS_PER,FR,2018-05-01,1308.0
SA,TOTAL,F,THS_PER,FR,2018-06-01,1304.0
SA,TOTAL,F,THS_PER,FR,2018-07-01,1305.0
SA,TOTAL,F,THS_PER,FR,2018-08-01,1307.0
SA,TOTAL,F,THS_PER,FR,2018-09-01,
SA,TOTAL,F,THS_PER,HR,2017-10-01,92.0
SA,TOTAL,F,THS_PER,HR,2017-11-01,90.0
SA,TOTAL,F,THS_PER,HR,2017-12-01,88.0
SA,TOTAL,F,THS_PER,HR,2018-01-01,87.0
SA,TOTAL,F,THS_PER,HR,2018-02-01,85.0
SA,TOTAL,F,THS_PER,HR,2018-03-01,82.0
SA,TOTAL,F,THS_PER,HR,2018-04-01,80.0
SA,TOTAL,F,THS_PER,HR,2018-05-01,78.0
SA,TOTAL,F,THS_PER,HR,2018-06-01,78.0
SA,TOTAL,F,THS_PER,HR,2018-07-01,77.0
SA,TOTAL,F,THS_PER,HR,2018-08-01,75.0
SA,TOTAL,F,THS_PER,HR,2018-09-01,
SA,TOTAL,F,THS_PER,HU,2017-10-01,92.0
SA,TOTAL,F,THS_PER,HU,2017-11-01,93.0
SA,TOTAL,F,THS_PER,HU,2017-12-01,91.0
SA,TOTAL,F,THS_PER,HU,2018-01-01,90.0
SA,TOTAL,F,THS_PER,HU,2018-02-01,87.0
SA,TOTAL,F,THS_PER,HU,2018-03-01,88.0
SA,TOTAL,F,THS_PER,HU,2018-04-01,84.0
SA,TOTAL,F,THS_PER,HU,2018-05-01,81.0
SA,TOTAL,F,THS_PER,HU,2018-06-01,82.0
SA,TOTAL,F,THS_PER,HU,2018-07-01,85.0
SA,TOTAL,F,THS_PER,HU,2018-08-01,
SA,TOTAL,F,THS_PER,HU,2018-09-01,
SA,TOTAL,F,THS_PER,IE,2017-10-01,67.0
SA,TOTAL,F,THS_PER,IE,2017-11-01,66.0
SA,TOTAL,F,THS_PER,IE,2017-12-01,64.0
SA,TOTAL,F,THS_PER,IE,2018-01-01,62.0
SA,TOTAL,F,THS_PER,IE,2018-02-01,61.0
SA,TOTAL,F,THS_PER,IE,2018-03-01,61.0
SA,TOTAL,F,THS_PER,IE,2018-04-01,61.0
SA,TOTAL,F,THS_PER,IE,2018-05-01,62.0
SA,TOTAL,F,THS_PER,IE,2018-06-01,62.0
SA,TOTAL,F,THS_PER,IE,2018-07-01,63.0
SA,TOTAL,F,THS_PER,IE,2018-08-01,59.0
SA,TOTAL,F,THS_PER,IE,2018-09-01,56.0
SA,TOTAL,F,THS_PER,IS,2017-10-01,3.0
SA,TOTAL,F,THS_PER,IS,2017-11-01,3.0
SA,TOTAL,F,THS_PER,IS,2017-12-01,3.0
SA,TOTAL,F,THS_PER,IS,2018-01-01,3.0
SA,TOTAL,F,THS_PER,IS,2018-02-01,3.0
SA,TOTAL,F,THS_PER,IS,2018-03-01,3.0
SA,TOTAL,F,THS_PER,IS,2018-04-01,3.0
SA,TOTAL,F,THS_PER,IS,2018-05-01,3.0
SA,TOTAL,F,THS_PER,IS,2018-06-01,3.0
SA,TOTAL,F,THS_PER,IS,2018-07-01,3.0
SA,TOTAL,F,THS_PER,IS,2018-08-01,3.0
SA,TOTAL,F,THS_PER,IS,2018-09-01,
SA,TOTAL,F,THS_PER,IT,2017-10-01,1367.0
SA,TOTAL,F,THS_PER,IT,2017-11-01,1359.0
SA,TOTAL,F,THS_PER,IT,2017-12-01,1319.0
SA,TOTAL,F,THS_PER,IT,2018-01-01,1359.0
SA,TOTAL,F,THS_PER,IT,2018-02-01,1309.0
SA,TOTAL,F,THS_PER,IT,2018-03-01,1354.0
SA,TOTAL,F,THS_PER,IT,2018-04-01,1343.0
SA,TOTAL,F,THS_PER,IT,2018-05-01,1284.0
SA,TOTAL,F,THS_PER,IT,2018-06-01,1306.0
SA,TOTAL,F,THS_PER,IT,2018-07-01,1241.0
SA,TOTAL,F,THS_PER,IT,2018-08-01,1185.0
SA,TOTAL,F,THS_PER,IT,2018-09-01,
SA,TOTAL,F,THS_PER,JP,2017-10-01,770.0
SA,TOTAL,F,THS_PER,JP,2017-11-01,750.0
SA,TOTAL,F,THS_PER,JP,2017-12-01,800.0
SA,TOTAL,F,THS_PER,JP,2018-01-01,660.0
SA,TOTAL,F,THS_PER,JP,2018-02-01,700.0
SA,TOTAL,F,THS_PER,JP,2018-03-01,690.0
SA,TOTAL,F,THS_PER,JP,2018-04-01,650.0
SA,TOTAL,F,THS_PER,JP,2018-05-01,610.0
SA,TOTAL,F,THS_PER,JP,2018-06-01,670.0
SA,TOTAL,F,THS_PER,JP,2018-07-01,690.0
SA,TOTAL,F,THS_PER,JP,2018-08-01,700.0
SA,TOTAL,F,THS_PER,JP,2018-09-01,
SA,TOTAL,F,THS_PER,LT,2017-10-01,40.0
SA,TOTAL,F,THS_PER,LT,2017-11-01,40.0
SA,TOTAL,F,THS_PER,LT,2017-12-01,42.0
SA,TOTAL,F,THS_PER,LT,2018-01-01,39.0
SA,TOTAL,F,THS_PER,LT,2018-02-01,38.0
SA,TOTAL,F,THS_PER,LT,2018-03-01,40.0
SA,TOTAL,F,THS_PER,LT,2018-04-01,39.0
SA,TOTAL,F,THS_PER,LT,2018-05-01,39.0
SA,TOTAL,F,THS_PER,LT,2018-06-01,40.0
SA,TOTAL,F,THS_PER,LT,2018-07-01,41.0
SA,TOTAL,F,THS_PER,LT,2018-08-01,40.0
SA,TOTAL,F,THS_PER,LT,2018-09-01,
SA,TOTAL,F,THS_PER,LU,2017-10-01,8.0
SA,TOTAL,F,THS_PER,LU,2017-11-01,8.0
SA,TOTAL,F,THS_PER,LU,2017-12-01,8.0
SA,TOTAL,F,THS_PER,LU,2018-01-01,8.0
SA,TOTAL,F,THS_PER,LU,2018-02-01,8.0
SA,TOTAL,F,THS_PER,LU,2018-03-01,8.0
SA,TOTAL,F,THS_PER,LU,2018-04-01,8.0
SA,TOTAL,F,THS_PER,LU,2018-05-01,8.0
SA,TOTAL,F,THS_PER,LU,2018-06-01,8.0
SA,TOTAL,F,THS_PER,LU,2018-07-01,8.0
SA,TOTAL,F,THS_PER,LU,2018-08-01,8.0
SA,TOTAL,F,THS_PER,LU,2018-09-01,
SA,TOTAL,F,THS_PER,LV,2017-10-01,37.0
SA,TOTAL,F,THS_PER,LV,2017-11-01,36.0
SA,TOTAL,F,THS_PER,LV,2017-12-01,36.0
SA,TOTAL,F,THS_PER,LV,2018-01-01,36.0
SA,TOTAL,F,THS_PER,LV,2018-02-01,34.0
SA,TOTAL,F,THS_PER,LV,2018-03-01,33.0
SA,TOTAL,F,THS_PER,LV,2018-04-01,32.0
SA,TOTAL,F,THS_PER,LV,2018-05-01,31.0
SA,TOTAL,F,THS_PER,LV,2018-06-01,31.0
SA,TOTAL,F,THS_PER,LV,2018-07-01,31.0
SA,TOTAL,F,THS_PER,LV,2018-08-01,31.0
SA,TOTAL,F,THS_PER,LV,2018-09-01,
SA,TOTAL,F,THS_PER,MT,2017-10-01,4.0
SA,TOTAL,F,THS_PER,MT,2017-11-01,4.0
SA,TOTAL,F,THS_PER,MT,2017-12-01,4.0
SA,TOTAL,F,THS_PER,MT,2018-01-01,4.0
SA,TOTAL,F,THS_PER,MT,2018-02-01,4.0
SA,TOTAL,F,THS_PER,MT,2018-03-01,4.0
SA,TOTAL,F,THS_PER,MT,2018-04-01,4.0
SA,TOTAL,F,THS_PER,MT,2018-05-01,3.0
SA,TOTAL,F,THS_PER,MT,2018-06-01,3.0
SA,TOTAL,F,THS_PER,MT,2018-07-01,4.0
SA,TOTAL,F,THS_PER,MT,2018-08-01,4.0
SA,TOTAL,F,THS_PER,MT,2018-09-01,
SA,TOTAL,F,THS_PER,NL,2017-10-01,200.0
SA,TOTAL,F,THS_PER,NL,2017-11-01,197.0
SA,TOTAL,F,THS_PER,NL,2017-12-01,197.0
SA,TOTAL,F,THS_PER,NL,2018-01-01,188.0
SA,TOTAL,F,THS_PER,NL,2018-02-01,182.0
SA,TOTAL,F,THS_PER,NL,2018-03-01,174.0
SA,TOTAL,F,THS_PER,NL,2018-04-01,170.0
SA,TOTAL,F,THS_PER,NL,2018-05-01,170.0
SA,TOTAL,F,THS_PER,NL,2018-06-01,171.0
SA,TOTAL,F,THS_PER,NL,2018-07-01,165.0
SA,TOTAL,F,THS_PER,NL,2018-08-01,167.0
SA,TOTAL,F,THS_PER,NL,2018-09-01,162.0
SA,TOTAL,F,THS_PER,NO,2017-10-01,46.0
SA,TOTAL,F,THS_PER,NO,2017-11-01,47.0
SA,TOTAL,F,THS_PER,NO,2017-12-01,47.0
SA,TOTAL,F,THS_PER,NO,2018-01-01,47.0
SA,TOTAL,F,THS_PER,NO,2018-02-01,46.0
SA,TOTAL,F,THS_PER,NO,2018-03-01,46.0
SA,TOTAL,F,THS_PER,NO,2018-04-01,44.0
SA,TOTAL,F,THS_PER,NO,2018-05-01,45.0
SA,TOTAL,F,THS_PER,NO,2018-06-01,45.0
SA,TOTAL,F,THS_PER,NO,2018-07-01,47.0
SA,TOTAL,F,THS_PER,NO,2018-08-01,
SA,TOTAL,F,THS_PER,NO,2018-09-01,
SA,TOTAL,F,THS_PER,PL,2017-10-01,361.0
SA,TOTAL,F,THS_PER,PL,2017-11-01,353.0
SA,TOTAL,F,THS_PER,PL,2017-12-01,340.0
SA,TOTAL,F,THS_PER,PL,2018-01-01,325.0
SA,TOTAL,F,THS_PER,PL,2018-02-01,313.0
SA,TOTAL,F,THS_PER,PL,2018-03-01,304.0
SA,TOTAL,F,THS_PER,PL,2018-04-01,297.0
SA,TOTAL,F,THS_PER,PL,2018-05-01,287.0
SA,TOTAL,F,THS_PER,PL,2018-06-01,275.0
SA,TOTAL,F,THS_PER,PL,2018-07-01,261.0
SA,TOTAL,F,THS_PER,PL,2018-08-01,248.0
SA,TOTAL,F,THS_PER,PL,2018-09-01,
SA,TOTAL,F,THS_PER,PT,2017-10-01,228.0
SA,TOTAL,F,THS_PER,PT,2017-11-01,213.0
SA,TOTAL,F,THS_PER,PT,2017-12-01,211.0
SA,TOTAL,F,THS_PER,PT,2018-01-01,210.0
SA,TOTAL,F,THS_PER,PT,2018-02-01,199.0
SA,TOTAL,F,THS_PER,PT,2018-03-01,193.0
SA,TOTAL,F,THS_PER,PT,2018-04-01,185.0
SA,TOTAL,F,THS_PER,PT,2018-05-01,190.0
SA,TOTAL,F,THS_PER,PT,2018-06-01,185.0
SA,TOTAL,F,THS_PER,PT,2018-07-01,185.0
SA,TOTAL,F,THS_PER,PT,2018-08-01,185.0
SA,TOTAL,F,THS_PER,PT,2018-09-01,
SA,TOTAL,F,THS_PER,RO,2017-10-01,159.0
SA,TOTAL,F,THS_PER,RO,2017-11-01,155.0
SA,TOTAL,F,THS_PER,RO,2017-12-01,156.0
SA,TOTAL,F,THS_PER,RO,2018-01-01,153.0
SA,TOTAL,F,THS_PER,RO,2018-02-01,147.0
SA,TOTAL,F,THS_PER,RO,2018-03-01,153.0
SA,TOTAL,F,THS_PER,RO,2018-04-01,136.0
SA,TOTAL,F,THS_PER,RO,2018-05-01,135.0
SA,TOTAL,F,THS_PER,RO,2018-06-01,138.0
SA,TOTAL,F,THS_PER,RO,2018-07-01,134.0
SA,TOTAL,F,THS_PER,RO,2018-08-01,133.0
SA,TOTAL,F,THS_PER,RO,2018-09-01,
SA,TOTAL,F,THS_PER,SE,2017-10-01,160.0
SA,TOTAL,F,THS_PER,SE,2017-11-01,157.0
SA,TOTAL,F,THS_PER,SE,2017-12-01,169.0
SA,TOTAL,F,THS_PER,SE,2018-01-01,167.0
SA,TOTAL,F,THS_PER,SE,2018-02-01,143.0
SA,TOTAL,F,THS_PER,SE,2018-03-01,162.0
SA,TOTAL,F,THS_PER,SE,2018-04-01,158.0
SA,TOTAL,F,THS_PER,SE,2018-05-01,140.0
SA,TOTAL,F,THS_PER,SE,2018-06-01,170.0
SA,TOTAL,F,THS_PER,SE,2018-07-01,170.0
SA,TOTAL,F,THS_PER,SE,2018-08-01,170.0
SA,TOTAL,F,THS_PER,SE,2018-09-01,
SA,TOTAL,F,THS_PER,SI,2017-10-01,34.0
SA,TOTAL,F,THS_PER,SI,2017-11-01,32.0
SA,TOTAL,F,THS_PER,SI,2017-12-01,31.0
SA,TOTAL,F,THS_PER,SI,2018-01-01,31.0
SA,TOTAL,F,THS_PER,SI,2018-02-01,30.0
SA,TOTAL,F,THS_PER,SI,2018-03-01,29.0
SA,TOTAL,F,THS_PER,SI,2018-04-01,29.0
SA,TOTAL,F,THS_PER,SI,2018-05-01,28.0
SA,TOTAL,F,THS_PER,SI,2018-06-01,27.0
SA,TOTAL,F,THS_PER,SI,2018-07-01,26.0
SA,TOTAL,F,THS_PER,SI,2018-08-01,26.0
SA,TOTAL,F,THS_PER,SI,2018-09-01,
SA,TOTAL,F,THS_PER,SK,2017-10-01,101.0
SA,TOTAL,F,THS_PER,SK,2017-11-01,100.0
SA,TOTAL,F,THS_PER,SK,2017-12-01,98.0
SA,TOTAL,F,THS_PER,SK,2018-01-01,96.0
SA,TOTAL,F,THS_PER,SK,2018-02-01,94.0
SA,TOTAL,F,THS_PER,SK,2018-03-01,93.0
SA,TOTAL,F,THS_PER,SK,2018-04-01,92.0
SA,TOTAL,F,THS_PER,SK,2018-05-01,93.0
SA,TOTAL,F,THS_PER,SK,2018-06-01,92.0
SA,TOTAL,F,THS_PER,SK,2018-07-01,92.0
SA,TOTAL,F,THS_PER,SK,2018-08-01,92.0
SA,TOTAL,F,THS_PER,SK,2018-09-01,
SA,TOTAL,F,THS_PER,UK,2017-10-01,658.0
SA,TOTAL,F,THS_PER,UK,2017-11-01,668.0
SA,TOTAL,F,THS_PER,UK,2017-12-01,671.0
SA,TOTAL,F,THS_PER,UK,2018-01-01,657.0
SA,TOTAL,F,THS_PER,UK,2018-02-01,654.0
SA,TOTAL,F,THS_PER,UK,2018-03-01,638.0
SA,TOTAL,F,THS_PER,UK,2018-04-01,630.0
SA,TOTAL,F,THS_PER,UK,2018-05-01,621.0
SA,TOTAL,F,THS_PER,UK,2018-06-01,625.0
SA,TOTAL,F,THS_PER,UK,2018-07-01,619.0
SA,TOTAL,F,THS_PER,UK,2018-08-01,
SA,TOTAL,F,THS_PER,UK,2018-09-01,
SA,TOTAL,F,THS_PER,US,2017-10-01,2951.0
SA,TOTAL,F,THS_PER,US,2017-11-01,3069.0
SA,TOTAL,F,THS_PER,US,2017-12-01,3061.0
SA,TOTAL,F,THS_PER,US,2018-01-01,3014.0
SA,TOTAL,F,THS_PER,US,2018-02-01,3124.0
SA,TOTAL,F,THS_PER,US,2018-03-01,3056.0
SA,TOTAL,F,THS_PER,US,2018-04-01,2819.0
SA,TOTAL,F,THS_PER,US,2018-05-01,2667.0
SA,TOTAL,F,THS_PER,US,2018-06-01,3017.0
SA,TOTAL,F,THS_PER,US,2018-07-01,3010.0
SA,TOTAL,F,THS_PER,US,2018-08-01,2908.0
SA,TOTAL,F,THS_PER,US,2018-09-01,
SA,TOTAL,M,THS_PER,AT,2017-10-01,140.0
SA,TOTAL,M,THS_PER,AT,2017-11-01,138.0
SA,TOTAL,M,THS_PER,AT,2017-12-01,137.0
SA,TOTAL,M,THS_PER,AT,2018-01-01,131.0
SA,TOTAL,M,THS_PER,AT,2018-02-01,124.0
SA,TOTAL,M,THS_PER,AT,2018-03-01,123.0
SA,TOTAL,M,THS_PER,AT,2018-04-01,119.0
SA,TOTAL,M,THS_PER,AT,2018-05-01,115.0
SA,TOTAL,M,THS_PER,AT,2018-06-01,119.0
SA,TOTAL,M,THS_PER,AT,2018-07-01,119.0
SA,TOTAL,M,THS_PER,AT,2018-08-01,112.0
SA,TOTAL,M,THS_PER,AT,2018-09-01,
SA,TOTAL,M,THS_PER,BE,2017-10-01,180.0
SA,TOTAL,M,THS_PER,BE,2017-11-01,170.0
SA,TOTAL,M,THS_PER,BE,2017-12-01,168.0
SA,TOTAL,M,THS_PER,BE,2018-01-01,171.0
SA,TOTAL,M,THS_PER,BE,2018-02-01,173.0
SA,TOTAL,M,THS_PER,BE,2018-03-01,174.0
SA,TOTAL,M,THS_PER,BE,2018-04-01,175.0
SA,TOTAL,M,THS_PER,BE,2018-05-01,176.0
SA,TOTAL,M,THS_PER,BE,2018-06-01,177.0
SA,TOTAL,M,THS_PER,BE,2018-07-01,182.0
SA,TOTAL,M,THS_PER,BE,2018-08-01,179.0
SA,TOTAL,M,THS_PER,BE,2018-09-01,
SA,TOTAL,M,THS_PER,BG,2017-10-01,109.0
SA,TOTAL,M,THS_PER,BG,2017-11-01,108.0
SA,TOTAL,M,THS_PER,BG,2017-12-01,108.0
SA,TOTAL,M,THS_PER,BG,2018-01-01,109.0
SA,TOTAL,M,THS_PER,BG,2018-02-01,108.0
SA,TOTAL,M,THS_PER,BG,2018-03-01,107.0
SA,TOTAL,M,THS_PER,BG,2018-04-01,105.0
SA,TOTAL,M,THS_PER,BG,2018-05-01,104.0
SA,TOTAL,M,THS_PER,BG,2018-06-01,103.0
SA,TOTAL,M,THS_PER,BG,2018-07-01,103.0
SA,TOTAL,M,THS_PER,BG,2018-08-01,103.0
SA,TOTAL,M,THS_PER,BG,2018-09-01,
SA,TOTAL,M,THS_PER,CY,2017-10-01,22.0
SA,TOTAL,M,THS_PER,CY,2017-11-01,24.0
SA,TOTAL,M,THS_PER,CY,2017-12-01,24.0
SA,TOTAL,M,THS_PER,CY,2018-01-01,22.0
SA,TOTAL,M,THS_PER,CY,2018-02-01,20.0
SA,TOTAL,M,THS_PER,CY,2018-03-01,19.0
SA,TOTAL,M,THS_PER,CY,2018-04-01,18.0
SA,TOTAL,M,THS_PER,CY,2018-05-01,18.0
SA,TOTAL,M,THS_PER,CY,2018-06-01,17.0
SA,TOTAL,M,THS_PER,CY,2018-07-01,16.0
SA,TOTAL,M,THS_PER,CY,2018-08-01,16.0
SA,TOTAL,M,THS_PER,CY,2018-09-01,
SA,TOTAL,M,THS_PER,CZ,2017-10-01,63.0
SA,TOTAL,M,THS_PER,CZ,2017-11-01,58.0
SA,TOTAL,M,THS_PER,CZ,2017-12-01,57.0
SA,TOTAL,M,THS_PER,CZ,2018-01-01,55.0
SA,TOTAL,M,THS_PER,CZ,2018-02-01,57.0
SA,TOTAL,M,THS_PER,CZ,2018-03-01,53.0
SA,TOTAL,M,THS_PER,CZ,2018-04-01,54.0
SA,TOTAL,M,THS_PER,CZ,2018-05-01,55.0
SA,TOTAL,M,THS_PER,CZ,2018-06-01,58.0
SA,TOTAL,M,THS_PER,CZ,2018-07-01,58.0
SA,TOTAL,M,THS_PER,CZ,2018-08-01,57.0
SA,TOTAL,M,THS_PER,CZ,2018-09-01,
SA,TOTAL,M,THS_PER,DE,2017-10-01,917.0
SA,TOTAL,M,THS_PER,DE,2017-11-01,914.0
SA,TOTAL,M,THS_PER,DE,2017-12-01,913.0
SA,TOTAL,M,THS_PER,DE,2018-01-01,911.0
SA,TOTAL,M,THS_PER,DE,2018-02-01,908.0
SA,TOTAL,M,THS_PER,DE,2018-03-01,903.0
SA,TOTAL,M,THS_PER,DE,2018-04-01,895.0
SA,TOTAL,M,THS_PER,DE,2018-05-01,888.0
SA,TOTAL,M,THS_PER,DE,2018-06-01,883.0
SA,TOTAL,M,THS_PER,DE,2018-07-01,880.0
SA,TOTAL,M,THS_PER,DE,2018-08-01,878.0
SA,TOTAL,M,THS_PER,DE,2018-09-01,
SA,TOTAL,M,THS_PER,DK,2017-10-01,82.0
SA,TOTAL,M,THS_PER,DK,2017-11-01,80.0
SA,TOTAL,M,THS_PER,DK,2017-12-01,78.0
SA,TOTAL,M,THS_PER,DK,2018-01-01,73.0
SA,TOTAL,M,THS_PER,DK,2018-02-01,72.0
SA,TOTAL,M,THS_PER,DK,2018-03-01,73.0
SA,TOTAL,M,THS_PER,DK,2018-04-01,78.0
SA,TOTAL,M,THS_PER,DK,2018-05-01,77.0
SA,TOTAL,M,THS_PER,DK,2018-06-01,76.0
SA,TOTAL,M,THS_PER,DK,2018-07-01,76.0
SA,TOTAL,M,THS_PER,DK,2018-08-01,77.0
SA,TOTAL,M,THS_PER,DK,2018-09-01,
SA,TOTAL,M,THS_PER,EA,2017-10-01,7390.0
SA,TOTAL,M,THS_PER,EA,2017-11-01,7311.0
SA,TOTAL,M,THS_PER,EA,2017-12-01,7264.0
SA,TOTAL,M,THS_PER,EA,2018-01-01,7250.0
SA,TOTAL,M,THS_PER,EA,2018-02-01,7203.0
SA,TOTAL,M,THS_PER,EA,2018-03-01,7107.0
SA,TOTAL,M,THS_PER,EA,2018-04-01,7042.0
SA,TOTAL,M,THS_PER,EA,2018-05-01,6919.0
SA,TOTAL,M,THS_PER,EA,2018-06-01,6909.0
SA,TOTAL,M,THS_PER,EA,2018-07-01,6875.0
SA,TOTAL,M,THS_PER,EA,2018-08-01,6827.0
SA,TOTAL,M,THS_PER,EA,2018-09-01,
SA,TOTAL,M,THS_PER,EA18,2017-10-01,7332.0
SA,TOTAL,M,THS_PER,EA18,2017-11-01,7254.0
SA,TOTAL,M,THS_PER,EA18,2017-12-01,7207.0
SA,TOTAL,M,THS_PER,EA18,2018-01-01,7197.0
SA,TOTAL,M,THS_PER,EA18,2018-02-01,7150.0
SA,TOTAL,M,THS_PER,EA18,2018-03-01,7053.0
SA,TOTAL,M,THS_PER,EA18,2018-04-01,6995.0
SA,TOTAL,M,THS_PER,EA18,2018-05-01,6874.0
SA,TOTAL,M,THS_PER,EA18,2018-06-01,6865.0
SA,TOTAL,M,THS_PER,EA18,2018-07-01,6826.0
SA,TOTAL,M,THS_PER,EA18,2018-08-01,6778.0
SA,TOTAL,M,THS_PER,EA18,2018-09-01,
SA,TOTAL,M,THS_PER,EA19,2017-10-01,7390.0
SA,TOTAL,M,THS_PER,EA19,2017-11-01,7311.0
SA,TOTAL,M,THS_PER,EA19,2017-12-01,7264.0
SA,TOTAL,M,THS_PER,EA19,2018-01-01,7250.0
SA,TOTAL,M,THS_PER,EA19,2018-02-01,7203.0
SA,TOTAL,M,THS_PER,EA19,2018-03-01,7107.0
SA,TOTAL,M,THS_PER,EA19,2018-04-01,7042.0
SA,TOTAL,M,THS_PER,EA19,2018-05-01,6919.0
SA,TOTAL,M,THS_PER,EA19,2018-06-01,6909.0
SA,TOTAL,M,THS_PER,EA19,2018-07-01,6875.0
SA,TOTAL,M,THS_PER,EA19,2018-08-01,6827.0
SA,TOTAL,M,THS_PER,EA19,2018-09-01,
SA,TOTAL,M,THS_PER,EE,2017-10-01,20.0
SA,TOTAL,M,THS_PER,EE,2017-11-01,21.0
SA,TOTAL,M,THS_PER,EE,2017-12-01,20.0
SA,TOTAL,M,THS_PER,EE,2018-01-01,23.0
SA,TOTAL,M,THS_PER,EE,2018-02-01,24.0
SA,TOTAL,M,THS_PER,EE,2018-03-01,22.0
SA,TOTAL,M,THS_PER,EE,2018-04-01,20.0
SA,TOTAL,M,THS_PER,EE,2018-05-01,19.0
SA,TOTAL,M,THS_PER,EE,2018-06-01,18.0
SA,TOTAL,M,THS_PER,EE,2018-07-01,19.0
SA,TOTAL,M,THS_PER,EE,2018-08-01,
SA,TOTAL,M,THS_PER,EE,2018-09-01,
SA,TOTAL,M,THS_PER,EL,2017-10-01,455.0
SA,TOTAL,M,THS_PER,EL,2017-11-01,452.0
SA,TOTAL,M,THS_PER,EL,2017-12-01,444.0
SA,TOTAL,M,THS_PER,EL,2018-01-01,438.0
SA,TOTAL,M,THS_PER,EL,2018-02-01,435.0
SA,TOTAL,M,THS_PER,EL,2018-03-01,432.0
SA,TOTAL,M,THS_PER,EL,2018-04-01,425.0
SA,TOTAL,M,THS_PER,EL,2018-05-01,413.0
SA,TOTAL,M,THS_PER,EL,2018-06-01,403.0
SA,TOTAL,M,THS_PER,EL,2018-07-01,396.0
SA,TOTAL,M,THS_PER,EL,2018-08-01,
SA,TOTAL,M,THS_PER,EL,2018-09-01,
SA,TOTAL,M,THS_PER,ES,2017-10-01,1828.0
SA,TOTAL,M,THS_PER,ES,2017-11-01,1816.0
SA,TOTAL,M,THS_PER,ES,2017-12-01,1809.0
SA,TOTAL,M,THS_PER,ES,2018-01-01,1796.0
SA,TOTAL,M,THS_PER,ES,2018-02-01,1779.0
SA,TOTAL,M,THS_PER,ES,2018-03-01,1757.0
SA,TOTAL,M,THS_PER,ES,2018-04-01,1722.0
SA,TOTAL,M,THS_PER,ES,2018-05-01,1696.0
SA,TOTAL,M,THS_PER,ES,2018-06-01,1667.0
SA,TOTAL,M,THS_PER,ES,2018-07-01,1655.0
SA,TOTAL,M,THS_PER,ES,2018-08-01,1659.0
SA,TOTAL,M,THS_PER,ES,2018-09-01,
SA,TOTAL,M,THS_PER,EU27,2017-10-01,9390.0
SA,TOTAL,M,THS_PER,EU27,2017-11-01,9282.0
SA,TOTAL,M,THS_PER,EU27,2017-12-01,9182.0
SA,TOTAL,M,THS_PER,EU27,2018-01-01,9142.0
SA,TOTAL,M,THS_PER,EU27,2018-02-01,9083.0
SA,TOTAL,M,THS_PER,EU27,2018-03-01,8964.0
SA,TOTAL,M,THS_PER,EU27,2018-04-01,8890.0
SA,TOTAL,M,THS_PER,EU27,2018-05-01,8729.0
SA,TOTAL,M,THS_PER,EU27,2018-06-01,8692.0
SA,TOTAL,M,THS_PER,EU27,2018-07-01,8677.0
SA,TOTAL,M,THS_PER,EU27,2018-08-01,8632.0
SA,TOTAL,M,THS_PER,EU27,2018-09-01,
SA,TOTAL,M,THS_PER,EU28,2017-10-01,9484.0
SA,TOTAL,M,THS_PER,EU28,2017-11-01,9374.0
SA,TOTAL,M,THS_PER,EU28,2017-12-01,9270.0
SA,TOTAL,M,THS_PER,EU28,2018-01-01,9227.0
SA,TOTAL,M,THS_PER,EU28,2018-02-01,9166.0
SA,TOTAL,M,THS_PER,EU28,2018-03-01,9045.0
SA,TOTAL,M,THS_PER,EU28,2018-04-01,8971.0
SA,TOTAL,M,THS_PER,EU28,2018-05-01,8810.0
SA,TOTAL,M,THS_PER,EU28,2018-06-01,8774.0
SA,TOTAL,M,THS_PER,EU28,2018-07-01,8757.0
SA,TOTAL,M,THS_PER,EU28,2018-08-01,8711.0
SA,TOTAL,M,THS_PER,EU28,2018-09-01,
SA,TOTAL,M,THS_PER,FI,2017-10-01,121.0
SA,TOTAL,M,THS_PER,FI,2017-11-01,121.0
SA,TOTAL,M,THS_PER,FI,2017-12-01,120.0
SA,TOTAL,M,THS_PER,FI,2018-01-01,117.0
SA,TOTAL,M,THS_PER,FI,2018-02-01,114.0
SA,TOTAL,M,THS_PER,FI,2018-03-01,112.0
SA,TOTAL,M,THS_PER,FI,2018-04-01,110.0
SA,TOTAL,M,THS_PER,FI,2018-05-01,109.0
SA,TOTAL,M,THS_PER,FI,2018-06-01,108.0
SA,TOTAL,M,THS_PER,FI,2018-07-01,107.0
SA,TOTAL,M,THS_PER,FI,2018-08-01,104.0
SA,TOTAL,M,THS_PER,FI,2018-09-01,102.0
SA,TOTAL,M,THS_PER,FR,2017-10-01,1424.0
SA,TOTAL,M,THS_PER,FR,2017-11-01,1392.0
SA,TOTAL,M,THS_PER,FR,2017-12-01,1397.0
SA,TOTAL,M,THS_PER,FR,2018-01-01,1418.0
SA,TOTAL,M,THS_PER,FR,2018-02-01,1417.0
SA,TOTAL,M,THS_PER,FR,2018-03-01,1410.0
SA,TOTAL,M,THS_PER,FR,2018-04-01,1391.0
SA,TOTAL,M,THS_PER,FR,2018-05-01,1389.0
SA,TOTAL,M,THS_PER,FR,2018-06-01,1400.0
SA,TOTAL,M,THS_PER,FR,2018-07-01,1437.0
SA,TOTAL,M,THS_PER,FR,2018-08-01,1460.0
SA,TOTAL,M,THS_PER,FR,2018-09-01,
SA,TOTAL,M,THS_PER,HR,2017-10-01,94.0
SA,TOTAL,M,THS_PER,HR,2017-11-01,92.0
SA,TOTAL,M,THS_PER,HR,2017-12-01,88.0
SA,TOTAL,M,THS_PER,HR,2018-01-01,86.0
SA,TOTAL,M,THS_PER,HR,2018-02-01,83.0
SA,TOTAL,M,THS_PER,HR,2018-03-01,82.0
SA,TOTAL,M,THS_PER,HR,2018-04-01,81.0
SA,TOTAL,M,THS_PER,HR,2018-05-01,81.0
SA,TOTAL,M,THS_PER,HR,2018-06-01,82.0
SA,TOTAL,M,THS_PER,HR,2018-07-01,80.0
SA,TOTAL,M,THS_PER,HR,2018-08-01,78.0
SA,TOTAL,M,THS_PER,HR,2018-09-01,
SA,TOTAL,M,THS_PER,HU,2017-10-01,89.0
SA,TOTAL,M,THS_PER,HU,2017-11-01,86.0
SA,TOTAL,M,THS_PER,HU,2017-12-01,84.0
SA,TOTAL,M,THS_PER,HU,2018-01-01,84.0
SA,TOTAL,M,THS_PER,HU,2018-02-01,84.0
SA,TOTAL,M,THS_PER,HU,2018-03-01,84.0
SA,TOTAL,M,THS_PER,HU,2018-04-01,86.0
SA,TOTAL,M,THS_PER,HU,2018-05-01,88.0
SA,TOTAL,M,THS_PER,HU,2018-06-01,87.0
SA,TOTAL,M,THS_PER,HU,2018-07-01,88.0
SA,TOTAL,M,THS_PER,HU,2018-08-01,
SA,TOTAL,M,THS_PER,HU,2018-09-01,
SA,TOTAL,M,THS_PER,IE,2017-10-01,89.0
SA,TOTAL,M,THS_PER,IE,2017-11-01,87.0
SA,TOTAL,M,THS_PER,IE,2017-12-01,84.0
SA,TOTAL,M,THS_PER,IE,2018-01-01,79.0
SA,TOTAL,M,THS_PER,IE,2018-02-01,76.0
SA,TOTAL,M,THS_PER,IE,2018-03-01,76.0
SA,TOTAL,M,THS_PER,IE,2018-04-01,77.0
SA,TOTAL,M,THS_PER,IE,2018-05-01,78.0
SA,TOTAL,M,THS_PER,IE,2018-06-01,77.0
SA,TOTAL,M,THS_PER,IE,2018-07-01,76.0
SA,TOTAL,M,THS_PER,IE,2018-08-01,75.0
SA,TOTAL,M,THS_PER,IE,2018-09-01,73.0
SA,TOTAL,M,THS_PER,IS,2017-10-01,3.0
SA,TOTAL,M,THS_PER,IS,2017-11-01,3.0
SA,TOTAL,M,THS_PER,IS,2017-12-01,3.0
SA,TOTAL,M,THS_PER,IS,2018-01-01,3.0
SA,TOTAL,M,THS_PER,IS,2018-02-01,3.0
SA,TOTAL,M,THS_PER,IS,2018-03-01,3.0
SA,TOTAL,M,THS_PER,IS,2018-04-01,3.0
SA,TOTAL,M,THS_PER,IS,2018-05-01,3.0
SA,TOTAL,M,THS_PER,IS,2018-06-01,3.0
SA,TOTAL,M,THS_PER,IS,2018-07-01,3.0
SA,TOTAL,M,THS_PER,IS,2018-08-01,3.0
SA,TOTAL,M,THS_PER,IS,2018-09-01,
SA,TOTAL,M,THS_PER,IT,2017-10-01,1528.0
SA,TOTAL,M,THS_PER,IT,2017-11-01,1521.0
SA,TOTAL,M,THS_PER,IT,2017-12-01,1500.0
SA,TOTAL,M,THS_PER,IT,2018-01-01,1511.0
SA,TOTAL,M,THS_PER,IT,2018-02-01,1511.0
SA,TOTAL,M,THS_PER,IT,2018-03-01,1464.0
SA,TOTAL,M,THS_PER,IT,2018-04-01,1491.0
SA,TOTAL,M,THS_PER,IT,2018-05-01,1437.0
SA,TOTAL,M,THS_PER,IT,2018-06-01,1462.0
SA,TOTAL,M,THS_PER,IT,2018-07-01,1400.0
SA,TOTAL,M,THS_PER,IT,2018-08-01,1338.0
SA,TOTAL,M,THS_PER,IT,2018-09-01,
SA,TOTAL,M,THS_PER,JP,2017-10-01,1090.0
SA,TOTAL,M,THS_PER,JP,2017-11-01,1090.0
SA,TOTAL,M,THS_PER,JP,2017-12-01,1050.0
SA,TOTAL,M,THS_PER,JP,2018-01-01,950.0
SA,TOTAL,M,THS_PER,JP,2018-02-01,990.0
SA,TOTAL,M,THS_PER,JP,2018-03-01,1020.0
SA,TOTAL,M,THS_PER,JP,2018-04-01,1080.0
SA,TOTAL,M,THS_PER,JP,2018-05-01,900.0
SA,TOTAL,M,THS_PER,JP,2018-06-01,1000.0
SA,TOTAL,M,THS_PER,JP,2018-07-01,1030.0
SA,TOTAL,M,THS_PER,JP,2018-08-01,970.0
SA,TOTAL,M,THS_PER,JP,2018-09-01,
SA,TOTAL,M,THS_PER,LT,2017-10-01,58.0
SA,TOTAL,M,THS_PER,LT,2017-11-01,57.0
SA,TOTAL,M,THS_PER,LT,2017-12-01,57.0
SA,TOTAL,M,THS_PER,LT,2018-01-01,53.0
SA,TOTAL,M,THS_PER,LT,2018-02-01,53.0
SA,TOTAL,M,THS_PER,LT,2018-03-01,54.0
SA,TOTAL,M,THS_PER,LT,2018-04-01,47.0
SA,TOTAL,M,THS_PER,LT,2018-05-01,45.0
SA,TOTAL,M,THS_PER,LT,2018-06-01,44.0
SA,TOTAL,M,THS_PER,LT,2018-07-01,50.0
SA,TOTAL,M,THS_PER,LT,2018-08-01,50.0
SA,TOTAL,M,THS_PER,LT,2018-09-01,
SA,TOTAL,M,THS_PER,LU,2017-10-01,8.0
SA,TOTAL,M,THS_PER,LU,2017-11-01,8.0
SA,TOTAL,M,THS_PER,LU,2017-12-01,8.0
SA,TOTAL,M,THS_PER,LU,2018-01-01,8.0
SA,TOTAL,M,THS_PER,LU,2018-02-01,8.0
SA,TOTAL,M,THS_PER,LU,2018-03-01,8.0
SA,TOTAL,M,THS_PER,LU,2018-04-01,8.0
SA,TOTAL,M,THS_PER,LU,2018-05-01,8.0
SA,TOTAL,M,THS_PER,LU,2018-06-01,8.0
SA,TOTAL,M,THS_PER,LU,2018-07-01,8.0
SA,TOTAL,M,THS_PER,LU,2018-08-01,8.0
SA,TOTAL,M,THS_PER,LU,2018-09-01,
SA,TOTAL,M,THS_PER,LV,2017-10-01,45.0
SA,TOTAL,M,THS_PER,LV,2017-11-01,45.0
SA,TOTAL,M,THS_PER,LV,2017-12-01,45.0
SA,TOTAL,M,THS_PER,LV,2018-01-01,44.0
SA,TOTAL,M,THS_PER,LV,2018-02-01,42.0
SA,TOTAL,M,THS_PER,LV,2018-03-01,43.0
SA,TOTAL,M,THS_PER,LV,2018-04-01,44.0
SA,TOTAL,M,THS_PER,LV,2018-05-01,45.0
SA,TOTAL,M,THS_PER,LV,2018-06-01,45.0
SA,TOTAL,M,THS_PER,LV,2018-07-01,43.0
SA,TOTAL,M,THS_PER,LV,2018-08-01,41.0
SA,TOTAL,M,THS_PER,LV,2018-09-01,
SA,TOTAL,M,THS_PER,MT,2017-10-01,6.0
SA,TOTAL,M,THS_PER,MT,2017-11-01,6.0
SA,TOTAL,M,THS_PER,MT,2017-12-01,6.0
SA,TOTAL,M,THS_PER,MT,2018-01-01,6.0
SA,TOTAL,M,THS_PER,MT,2018-02-01,6.0
SA,TOTAL,M,THS_PER,MT,2018-03-01,6.0
SA,TOTAL,M,THS_PER,MT,2018-04-01,6.0
SA,TOTAL,M,THS_PER,MT,2018-05-01,6.0
SA,TOTAL,M,THS_PER,MT,2018-06-01,6.0
SA,TOTAL,M,THS_PER,MT,2018-07-01,6.0
SA,TOTAL,M,THS_PER,MT,2018-08-01,5.0
SA,TOTAL,M,THS_PER,MT,2018-09-01,
SA,TOTAL,M,THS_PER,NL,2017-10-01,204.0
SA,TOTAL,M,THS_PER,NL,2017-11-01,199.0
SA,TOTAL,M,THS_PER,NL,2017-12-01,198.0
SA,TOTAL,M,THS_PER,NL,2018-01-01,192.0
SA,TOTAL,M,THS_PER,NL,2018-02-01,186.0
SA,TOTAL,M,THS_PER,NL,2018-03-01,183.0
SA,TOTAL,M,THS_PER,NL,2018-04-01,185.0
SA,TOTAL,M,THS_PER,NL,2018-05-01,182.0
SA,TOTAL,M,THS_PER,NL,2018-06-01,183.0
SA,TOTAL,M,THS_PER,NL,2018-07-01,183.0
SA,TOTAL,M,THS_PER,NL,2018-08-01,186.0
SA,TOTAL,M,THS_PER,NL,2018-09-01,181.0
SA,TOTAL,M,THS_PER,NO,2017-10-01,64.0
SA,TOTAL,M,THS_PER,NO,2017-11-01,65.0
SA,TOTAL,M,THS_PER,NO,2017-12-01,65.0
SA,TOTAL,M,THS_PER,NO,2018-01-01,64.0
SA,TOTAL,M,THS_PER,NO,2018-02-01,62.0
SA,TOTAL,M,THS_PER,NO,2018-03-01,63.0
SA,TOTAL,M,THS_PER,NO,2018-04-01,61.0
SA,TOTAL,M,THS_PER,NO,2018-05-01,62.0
SA,TOTAL,M,THS_PER,NO,2018-06-01,63.0
SA,TOTAL,M,THS_PER,NO,2018-07-01,66.0
SA,TOTAL,M,THS_PER,NO,2018-08-01,
SA,TOTAL,M,THS_PER,NO,2018-09-01,
SA,TOTAL,M,THS_PER,PL,2017-10-01,424.0
SA,TOTAL,M,THS_PER,PL,2017-11-01,416.0
SA,TOTAL,M,THS_PER,PL,2017-12-01,404.0
SA,TOTAL,M,THS_PER,PL,2018-01-01,391.0
SA,TOTAL,M,THS_PER,PL,2018-02-01,378.0
SA,TOTAL,M,THS_PER,PL,2018-03-01,368.0
SA,TOTAL,M,THS_PER,PL,2018-04-01,360.0
SA,TOTAL,M,THS_PER,PL,2018-05-01,352.0
SA,TOTAL,M,THS_PER,PL,2018-06-01,347.0
SA,TOTAL,M,THS_PER,PL,2018-07-01,342.0
SA,TOTAL,M,THS_PER,PL,2018-08-01,337.0
SA,TOTAL,M,THS_PER,PL,2018-09-01,
SA,TOTAL,M,THS_PER,PT,2017-10-01,207.0
SA,TOTAL,M,THS_PER,PT,2017-11-01,204.0
SA,TOTAL,M,THS_PER,PT,2017-12-01,200.0
SA,TOTAL,M,THS_PER,PT,2018-01-01,198.0
SA,TOTAL,M,THS_PER,PT,2018-02-01,196.0
SA,TOTAL,M,THS_PER,PT,2018-03-01,192.0
SA,TOTAL,M,THS_PER,PT,2018-04-01,184.0
SA,TOTAL,M,THS_PER,PT,2018-05-01,174.0
SA,TOTAL,M,THS_PER,PT,2018-06-01,168.0
SA,TOTAL,M,THS_PER,PT,2018-07-01,166.0
SA,TOTAL,M,THS_PER,PT,2018-08-01,168.0
SA,TOTAL,M,THS_PER,PT,2018-09-01,
SA,TOTAL,M,THS_PER,RO,2017-10-01,275.0
SA,TOTAL,M,THS_PER,RO,2017-11-01,273.0
SA,TOTAL,M,THS_PER,RO,2017-12-01,263.0
SA,TOTAL,M,THS_PER,RO,2018-01-01,259.0
SA,TOTAL,M,THS_PER,RO,2018-02-01,260.0
SA,TOTAL,M,THS_PER,RO,2018-03-01,250.0
SA,TOTAL,M,THS_PER,RO,2018-04-01,259.0
SA,TOTAL,M,THS_PER,RO,2018-05-01,246.0
SA,TOTAL,M,THS_PER,RO,2018-06-01,240.0
SA,TOTAL,M,THS_PER,RO,2018-07-01,252.0
SA,TOTAL,M,THS_PER,RO,2018-08-01,253.0
SA,TOTAL,M,THS_PER,RO,2018-09-01,
SA,TOTAL,M,THS_PER,SE,2017-10-01,199.0
SA,TOTAL,M,THS_PER,SE,2017-11-01,188.0
SA,TOTAL,M,THS_PER,SE,2017-12-01,181.0
SA,TOTAL,M,THS_PER,SE,2018-01-01,186.0
SA,TOTAL,M,THS_PER,SE,2018-02-01,177.0
SA,TOTAL,M,THS_PER,SE,2018-03-01,175.0
SA,TOTAL,M,THS_PER,SE,2018-04-01,186.0
SA,TOTAL,M,THS_PER,SE,2018-05-01,193.0
SA,TOTAL,M,THS_PER,SE,2018-06-01,174.0
SA,TOTAL,M,THS_PER,SE,2018-07-01,182.0
SA,TOTAL,M,THS_PER,SE,2018-08-01,191.0
SA,TOTAL,M,THS_PER,SE,2018-09-01,
SA,TOTAL,M,THS_PER,SI,2017-10-01,28.0
SA,TOTAL,M,THS_PER,SI,2017-11-01,27.0
SA,TOTAL,M,THS_PER,SI,2017-12-01,27.0
SA,TOTAL,M,THS_PER,SI,2018-01-01,28.0
SA,TOTAL,M,THS_PER,SI,2018-02-01,27.0
SA,TOTAL,M,THS_PER,SI,2018-03-01,27.0
SA,TOTAL,M,THS_PER,SI,2018-04-01,27.0
SA,TOTAL,M,THS_PER,SI,2018-05-01,28.0
SA,TOTAL,M,THS_PER,SI,2018-06-01,28.0
SA,TOTAL,M,THS_PER,SI,2018-07-01,28.0
SA,TOTAL,M,THS_PER,SI,2018-08-01,28.0
SA,TOTAL,M,THS_PER,SI,2018-09-01,
SA,TOTAL,M,THS_PER,SK,2017-10-01,111.0
SA,TOTAL,M,THS_PER,SK,2017-11-01,108.0
SA,TOTAL,M,THS_PER,SK,2017-12-01,106.0
SA,TOTAL,M,THS_PER,SK,2018-01-01,105.0
SA,TOTAL,M,THS_PER,SK,2018-02-01,102.0
SA,TOTAL,M,THS_PER,SK,2018-03-01,100.0
SA,TOTAL,M,THS_PER,SK,2018-04-01,97.0
SA,TOTAL,M,THS_PER,SK,2018-05-01,94.0
SA,TOTAL,M,THS_PER,SK,2018-06-01,92.0
SA,TOTAL,M,THS_PER,SK,2018-07-01,90.0
SA,TOTAL,M,THS_PER,SK,2018-08-01,89.0
SA,TOTAL,M,THS_PER,SK,2018-09-01,
SA,TOTAL,M,THS_PER,UK,2017-10-01,757.0
SA,TOTAL,M,THS_PER,UK,2017-11-01,762.0
SA,TOTAL,M,THS_PER,UK,2017-12-01,742.0
SA,TOTAL,M,THS_PER,UK,2018-01-01,734.0
SA,TOTAL,M,THS_PER,UK,2018-02-01,744.0
SA,TOTAL,M,THS_PER,UK,2018-03-01,747.0
SA,TOTAL,M,THS_PER,UK,2018-04-01,722.0
SA,TOTAL,M,THS_PER,UK,2018-05-01,695.0
SA,TOTAL,M,THS_PER,UK,2018-06-01,702.0
SA,TOTAL,M,THS_PER,UK,2018-07-01,731.0
SA,TOTAL,M,THS_PER,UK,2018-08-01,
SA,TOTAL,M,THS_PER,UK,2018-09-01,
SA,TOTAL,M,THS_PER,US,2017-10-01,3559.0
SA,TOTAL,M,THS_PER,US,2017-11-01,3573.0
SA,TOTAL,M,THS_PER,US,2017-12-01,3516.0
SA,TOTAL,M,THS_PER,US,2018-01-01,3647.0
SA,TOTAL,M,THS_PER,US,2018-02-01,3579.0
SA,TOTAL,M,THS_PER,US,2018-03-01,3534.0
SA,TOTAL,M,THS_PER,US,2018-04-01,3564.0
SA,TOTAL,M,THS_PER,US,2018-05-01,3411.0
SA,TOTAL,M,THS_PER,US,2018-06-01,3515.0
SA,TOTAL,M,THS_PER,US,2018-07-01,3273.0
SA,TOTAL,M,THS_PER,US,2018-08-01,3300.0
SA,TOTAL,M,THS_PER,US,2018-09-01,
SA,TOTAL,T,THS_PER,AT,2017-10-01,242.0
SA,TOTAL,T,THS_PER,AT,2017-11-01,244.0
SA,TOTAL,T,THS_PER,AT,2017-12-01,243.0
SA,TOTAL,T,THS_PER,AT,2018-01-01,234.0
SA,TOTAL,T,THS_PER,AT,2018-02-01,225.0
SA,TOTAL,T,THS_PER,AT,2018-03-01,225.0
SA,TOTAL,T,THS_PER,AT,2018-04-01,217.0
SA,TOTAL,T,THS_PER,AT,2018-05-01,210.0
SA,TOTAL,T,THS_PER,AT,2018-06-01,214.0
SA,TOTAL,T,THS_PER,AT,2018-07-01,221.0
SA,TOTAL,T,THS_PER,AT,2018-08-01,218.0
SA,TOTAL,T,THS_PER,AT,2018-09-01,
SA,TOTAL,T,THS_PER,BE,2017-10-01,331.0
SA,TOTAL,T,THS_PER,BE,2017-11-01,317.0
SA,TOTAL,T,THS_PER,BE,2017-12-01,311.0
SA,TOTAL,T,THS_PER,BE,2018-01-01,307.0
SA,TOTAL,T,THS_PER,BE,2018-02-01,307.0
SA,TOTAL,T,THS_PER,BE,2018-03-01,309.0
SA,TOTAL,T,THS_PER,BE,2018-04-01,314.0
SA,TOTAL,T,THS_PER,BE,2018-05-01,317.0
SA,TOTAL,T,THS_PER,BE,2018-06-01,321.0
SA,TOTAL,T,THS_PER,BE,2018-07-01,331.0
SA,TOTAL,T,THS_PER,BE,2018-08-01,327.0
SA,TOTAL,T,THS_PER,BE,2018-09-01,
SA,TOTAL,T,THS_PER,BG,2017-10-01,198.0
SA,TOTAL,T,THS_PER,BG,2017-11-01,196.0
SA,TOTAL,T,THS_PER,BG,2017-12-01,192.0
SA,TOTAL,T,THS_PER,BG,2018-01-01,187.0
SA,TOTAL,T,THS_PER,BG,2018-02-01,182.0
SA,TOTAL,T,THS_PER,BG,2018-03-01,179.0
SA,TOTAL,T,THS_PER,BG,2018-04-01,179.0
SA,TOTAL,T,THS_PER,BG,2018-05-01,179.0
SA,TOTAL,T,THS_PER,BG,2018-06-01,175.0
SA,TOTAL,T,THS_PER,BG,2018-07-01,174.0
SA,TOTAL,T,THS_PER,BG,2018-08-01,173.0
SA,TOTAL,T,THS_PER,BG,2018-09-01,
SA,TOTAL,T,THS_PER,CY,2017-10-01,43.0
SA,TOTAL,T,THS_PER,CY,2017-11-01,44.0
SA,TOTAL,T,THS_PER,CY,2017-12-01,44.0
SA,TOTAL,T,THS_PER,CY,2018-01-01,42.0
SA,TOTAL,T,THS_PER,CY,2018-02-01,40.0
SA,TOTAL,T,THS_PER,CY,2018-03-01,38.0
SA,TOTAL,T,THS_PER,CY,2018-04-01,36.0
SA,TOTAL,T,THS_PER,CY,2018-05-01,35.0
SA,TOTAL,T,THS_PER,CY,2018-06-01,34.0
SA,TOTAL,T,THS_PER,CY,2018-07-01,33.0
SA,TOTAL,T,THS_PER,CY,2018-08-01,33.0
SA,TOTAL,T,THS_PER,CY,2018-09-01,
SA,TOTAL,T,THS_PER,CZ,2017-10-01,136.0
SA,TOTAL,T,THS_PER,CZ,2017-11-01,129.0
SA,TOTAL,T,THS_PER,CZ,2017-12-01,127.0
SA,TOTAL,T,THS_PER,CZ,2018-01-01,127.0
SA,TOTAL,T,THS_PER,CZ,2018-02-01,125.0
SA,TOTAL,T,THS_PER,CZ,2018-03-01,121.0
SA,TOTAL,T,THS_PER,CZ,2018-04-01,124.0
SA,TOTAL,T,THS_PER,CZ,2018-05-01,124.0
SA,TOTAL,T,THS_PER,CZ,2018-06-01,129.0
SA,TOTAL,T,THS_PER,CZ,2018-07-01,129.0
SA,TOTAL,T,THS_PER,CZ,2018-08-01,133.0
SA,TOTAL,T,THS_PER,CZ,2018-09-01,
SA,TOTAL,T,THS_PER,DE,2017-10-01,1573.0
SA,TOTAL,T,THS_PER,DE,2017-11-01,1556.0
SA,TOTAL,T,THS_PER,DE,2017-12-01,1538.0
SA,TOTAL,T,THS_PER,DE,2018-01-01,1523.0
SA,TOTAL,T,THS_PER,DE,2018-02-01,1510.0
SA,TOTAL,T,THS_PER,DE,2018-03-01,1499.0
SA,TOTAL,T,THS_PER,DE,2018-04-01,1489.0
SA,TOTAL,T,THS_PER,DE,2018-05-01,1480.0
SA,TOTAL,T,THS_PER,DE,2018-06-01,1472.0
SA,TOTAL,T,THS_PER,DE,2018-07-01,1463.0
SA,TOTAL,T,THS_PER,DE,2018-08-01,1455.0
SA,TOTAL,T,THS_PER,DE,2018-09-01,
SA,TOTAL,T,THS_PER,DK,2017-10-01,164.0
SA,TOTAL,T,THS_PER,DK,2017-11-01,159.0
SA,TOTAL,T,THS_PER,DK,2017-12-01,158.0
SA,TOTAL,T,THS_PER,DK,2018-01-01,150.0
SA,TOTAL,T,THS_PER,DK,2018-02-01,150.0
SA,TOTAL,T,THS_PER,DK,2018-03-01,148.0
SA,TOTAL,T,THS_PER,DK,2018-04-01,156.0
SA,TOTAL,T,THS_PER,DK,2018-05-01,153.0
SA,TOTAL,T,THS_PER,DK,2018-06-01,150.0
SA,TOTAL,T,THS_PER,DK,2018-07-01,151.0
SA,TOTAL,T,THS_PER,DK,2018-08-01,148.0
SA,TOTAL,T,THS_PER,DK,2018-09-01,
SA,TOTAL,T,THS_PER,EA,2017-10-01,14325.0
SA,TOTAL,T,THS_PER,EA,2017-11-01,14196.0
SA,TOTAL,T,THS_PER,EA,2017-12-01,14088.0
SA,TOTAL,T,THS_PER,EA,2018-01-01,14081.0
SA,TOTAL,T,THS_PER,EA,2018-02-01,13927.0
SA,TOTAL,T,THS_PER,EA,2018-03-01,13790.0
SA,TOTAL,T,THS_PER,EA,2018-04-01,13647.0
SA,TOTAL,T,THS_PER,EA,2018-05-01,13427.0
SA,TOTAL,T,THS_PER,EA,2018-06-01,13414.0
SA,TOTAL,T,THS_PER,EA,2018-07-01,13322.0
SA,TOTAL,T,THS_PER,EA,2018-08-01,13220.0
SA,TOTAL,T,THS_PER,EA,2018-09-01,
SA,TOTAL,T,THS_PER,EA18,2017-10-01,14228.0
SA,TOTAL,T,THS_PER,EA18,2017-11-01,14099.0
SA,TOTAL,T,THS_PER,EA18,2017-12-01,13989.0
SA,TOTAL,T,THS_PER,EA18,2018-01-01,13990.0
SA,TOTAL,T,THS_PER,EA18,2018-02-01,13836.0
SA,TOTAL,T,THS_PER,EA18,2018-03-01,13696.0
SA,TOTAL,T,THS_PER,EA18,2018-04-01,13561.0
SA,TOTAL,T,THS_PER,EA18,2018-05-01,13343.0
SA,TOTAL,T,THS_PER,EA18,2018-06-01,13329.0
SA,TOTAL,T,THS_PER,EA18,2018-07-01,13231.0
SA,TOTAL,T,THS_PER,EA18,2018-08-01,13131.0
SA,TOTAL,T,THS_PER,EA18,2018-09-01,
SA,TOTAL,T,THS_PER,EA19,2017-10-01,14325.0
SA,TOTAL,T,THS_PER,EA19,2017-11-01,14196.0
SA,TOTAL,T,THS_PER,EA19,2017-12-01,14088.0
SA,TOTAL,T,THS_PER,EA19,2018-01-01,14081.0
SA,TOTAL,T,THS_PER,EA19,2018-02-01,13927.0
SA,TOTAL,T,THS_PER,EA19,2018-03-01,13790.0
SA,TOTAL,T,THS_PER,EA19,2018-04-01,13647.0
SA,TOTAL,T,THS_PER,EA19,2018-05-01,13427.0
SA,TOTAL,T,THS_PER,EA19,2018-06-01,13414.0
SA,TOTAL,T,THS_PER,EA19,2018-07-01,13322.0
SA,TOTAL,T,THS_PER,EA19,2018-08-01,13220.0
SA,TOTAL,T,THS_PER,EA19,2018-09-01,
SA,TOTAL,T,THS_PER,EE,2017-10-01,38.0
SA,TOTAL,T,THS_PER,EE,2017-11-01,39.0
SA,TOTAL,T,THS_PER,EE,2017-12-01,39.0
SA,TOTAL,T,THS_PER,EE,2018-01-01,44.0
SA,TOTAL,T,THS_PER,EE,2018-02-01,45.0
SA,TOTAL,T,THS_PER,EE,2018-03-01,40.0
SA,TOTAL,T,THS_PER,EE,2018-04-01,36.0
SA,TOTAL,T,THS_PER,EE,2018-05-01,36.0
SA,TOTAL,T,THS_PER,EE,2018-06-01,35.0
SA,TOTAL,T,THS_PER,EE,2018-07-01,37.0
SA,TOTAL,T,THS_PER,EE,2018-08-01,
SA,TOTAL,T,THS_PER,EE,2018-09-01,
SA,TOTAL,T,THS_PER,EL,2017-10-01,999.0
SA,TOTAL,T,THS_PER,EL,2017-11-01,996.0
SA,TOTAL,T,THS_PER,EL,2017-12-01,990.0
SA,TOTAL,T,THS_PER,EL,2018-01-01,976.0
SA,TOTAL,T,THS_PER,EL,2018-02-01,973.0
SA,TOTAL,T,THS_PER,EL,2018-03-01,954.0
SA,TOTAL,T,THS_PER,EL,2018-04-01,942.0
SA,TOTAL,T,THS_PER,EL,2018-05-01,923.0
SA,TOTAL,T,THS_PER,EL,2018-06-01,911.0
SA,TOTAL,T,THS_PER,EL,2018-07-01,898.0
SA,TOTAL,T,THS_PER,EL,2018-08-01,
SA,TOTAL,T,THS_PER,EL,2018-09-01,
SA,TOTAL,T,THS_PER,ES,2017-10-01,3774.0
SA,TOTAL,T,THS_PER,ES,2017-11-01,3756.0
SA,TOTAL,T,THS_PER,ES,2017-12-01,3742.0
SA,TOTAL,T,THS_PER,ES,2018-01-01,3728.0
SA,TOTAL,T,THS_PER,ES,2018-02-01,3692.0
SA,TOTAL,T,THS_PER,ES,2018-03-01,3633.0
SA,TOTAL,T,THS_PER,ES,2018-04-01,3566.0
SA,TOTAL,T,THS_PER,ES,2018-05-01,3519.0
SA,TOTAL,T,THS_PER,ES,2018-06-01,3478.0
SA,TOTAL,T,THS_PER,ES,2018-07-01,3471.0
SA,TOTAL,T,THS_PER,ES,2018-08-01,3484.0
SA,TOTAL,T,THS_PER,ES,2018-09-01,
SA,TOTAL,T,THS_PER,EU27,2017-10-01,17998.0
SA,TOTAL,T,THS_PER,EU27,2017-11-01,17829.0
SA,TOTAL,T,THS_PER,EU27,2017-12-01,17666.0
SA,TOTAL,T,THS_PER,EU27,2018-01-01,17593.0
SA,TOTAL,T,THS_PER,EU27,2018-02-01,17372.0
SA,TOTAL,T,THS_PER,EU27,2018-03-01,17207.0
SA,TOTAL,T,THS_PER,EU27,2018-04-01,17022.0
SA,TOTAL,T,THS_PER,EU27,2018-05-01,16720.0
SA,TOTAL,T,THS_PER,EU27,2018-06-01,16706.0
SA,TOTAL,T,THS_PER,EU27,2018-07-01,16614.0
SA,TOTAL,T,THS_PER,EU27,2018-08-01,16504.0
SA,TOTAL,T,THS_PER,EU27,2018-09-01,
SA,TOTAL,T,THS_PER,EU28,2017-10-01,18185.0
SA,TOTAL,T,THS_PER,EU28,2017-11-01,18011.0
SA,TOTAL,T,THS_PER,EU28,2017-12-01,17842.0
SA,TOTAL,T,THS_PER,EU28,2018-01-01,17765.0
SA,TOTAL,T,THS_PER,EU28,2018-02-01,17540.0
SA,TOTAL,T,THS_PER,EU28,2018-03-01,17371.0
SA,TOTAL,T,THS_PER,EU28,2018-04-01,17182.0
SA,TOTAL,T,THS_PER,EU28,2018-05-01,16879.0
SA,TOTAL,T,THS_PER,EU28,2018-06-01,16866.0
SA,TOTAL,T,THS_PER,EU28,2018-07-01,16771.0
SA,TOTAL,T,THS_PER,EU28,2018-08-01,16657.0
SA,TOTAL,T,THS_PER,EU28,2018-09-01,
SA,TOTAL,T,THS_PER,FI,2017-10-01,228.0
SA,TOTAL,T,THS_PER,FI,2017-11-01,228.0
SA,TOTAL,T,THS_PER,FI,2017-12-01,227.0
SA,TOTAL,T,THS_PER,FI,2018-01-01,224.0
SA,TOTAL,T,THS_PER,FI,2018-02-01,219.0
SA,TOTAL,T,THS_PER,FI,2018-03-01,215.0
SA,TOTAL,T,THS_PER,FI,2018-04-01,212.0
SA,TOTAL,T,THS_PER,FI,2018-05-01,209.0
SA,TOTAL,T,THS_PER,FI,2018-06-01,208.0
SA,TOTAL,T,THS_PER,FI,2018-07-01,206.0
SA,TOTAL,T,THS_PER,FI,2018-08-01,203.0
SA,TOTAL,T,THS_PER,FI,2018-09-01,201.0
SA,TOTAL,T,THS_PER,FR,2017-10-01,2731.0
SA,TOTAL,T,THS_PER,FR,2017-11-01,2700.0
SA,TOTAL,T,THS_PER,FR,2017-12-01,2713.0
SA,TOTAL,T,THS_PER,FR,2018-01-01,2749.0
SA,TOTAL,T,THS_PER,FR,2018-02-01,2749.0
SA,TOTAL,T,THS_PER,FR,2018-03-01,2735.0
SA,TOTAL,T,THS_PER,FR,2018-04-01,2707.0
SA,TOTAL,T,THS_PER,FR,2018-05-01,2697.0
SA,TOTAL,T,THS_PER,FR,2018-06-01,2704.0
SA,TOTAL,T,THS_PER,FR,2018-07-01,2742.0
SA,TOTAL,T,THS_PER,FR,2018-08-01,2767.0
SA,TOTAL,T,THS_PER,FR,2018-09-01,
SA,TOTAL,T,THS_PER,HR,2017-10-01,186.0
SA,TOTAL,T,THS_PER,HR,2017-11-01,182.0
SA,TOTAL,T,THS_PER,HR,2017-12-01,176.0
SA,TOTAL,T,THS_PER,HR,2018-01-01,173.0
SA,TOTAL,T,THS_PER,HR,2018-02-01,168.0
SA,TOTAL,T,THS_PER,HR,2018-03-01,164.0
SA,TOTAL,T,THS_PER,HR,2018-04-01,160.0
SA,TOTAL,T,THS_PER,HR,2018-05-01,159.0
SA,TOTAL,T,THS_PER,HR,2018-06-01,160.0
SA,TOTAL,T,THS_PER,HR,2018-07-01,157.0
SA,TOTAL,T,THS_PER,HR,2018-08-01,154.0
SA,TOTAL,T,THS_PER,HR,2018-09-01,
SA,TOTAL,T,THS_PER,HU,2017-10-01,181.0
SA,TOTAL,T,THS_PER,HU,2017-11-01,179.0
SA,TOTAL,T,THS_PER,HU,2017-12-01,174.0
SA,TOTAL,T,THS_PER,HU,2018-01-01,174.0
SA,TOTAL,T,THS_PER,HU,2018-02-01,171.0
SA,TOTAL,T,THS_PER,HU,2018-03-01,172.0
SA,TOTAL,T,THS_PER,HU,2018-04-01,170.0
SA,TOTAL,T,THS_PER,HU,2018-05-01,169.0
SA,TOTAL,T,THS_PER,HU,2018-06-01,169.0
SA,TOTAL,T,THS_PER,HU,2018-07-01,173.0
SA,TOTAL,T,THS_PER,HU,2018-08-01,
SA,TOTAL,T,THS_PER,HU,2018-09-01,
SA,TOTAL,T,THS_PER,IE,2017-10-01,156.0
SA,TOTAL,T,THS_PER,IE,2017-11-01,152.0
SA,TOTAL,T,THS_PER,IE,2017-12-01,147.0
SA,TOTAL,T,THS_PER,IE,2018-01-01,141.0
SA,TOTAL,T,THS_PER,IE,2018-02-01,137.0
SA,TOTAL,T,THS_PER,IE,2018-03-01,137.0
SA,TOTAL,T,THS_PER,IE,2018-04-01,138.0
SA,TOTAL,T,THS_PER,IE,2018-05-01,139.0
SA,TOTAL,T,THS_PER,IE,2018-06-01,139.0
SA,TOTAL,T,THS_PER,IE,2018-07-01,139.0
SA,TOTAL,T,THS_PER,IE,2018-08-01,134.0
SA,TOTAL,T,THS_PER,IE,2018-09-01,129.0
SA,TOTAL,T,THS_PER,IS,2017-10-01,6.0
SA,TOTAL,T,THS_PER,IS,2017-11-01,6.0
SA,TOTAL,T,THS_PER,IS,2017-12-01,6.0
SA,TOTAL,T,THS_PER,IS,2018-01-01,6.0
SA,TOTAL,T,THS_PER,IS,2018-02-01,6.0
SA,TOTAL,T,THS_PER,IS,2018-03-01,6.0
SA,TOTAL,T,THS_PER,IS,2018-04-01,6.0
SA,TOTAL,T,THS_PER,IS,2018-05-01,6.0
SA,TOTAL,T,THS_PER,IS,2018-06-01,6.0
SA,TOTAL,T,THS_PER,IS,2018-07-01,6.0
SA,TOTAL,T,THS_PER,IS,2018-08-01,6.0
SA,TOTAL,T,THS_PER,IS,2018-09-01,
SA,TOTAL,T,THS_PER,IT,2017-10-01,2895.0
SA,TOTAL,T,THS_PER,IT,2017-11-01,2879.0
SA,TOTAL,T,THS_PER,IT,2017-12-01,2819.0
SA,TOTAL,T,THS_PER,IT,2018-01-01,2870.0
SA,TOTAL,T,THS_PER,IT,2018-02-01,2820.0
SA,TOTAL,T,THS_PER,IT,2018-03-01,2818.0
SA,TOTAL,T,THS_PER,IT,2018-04-01,2834.0
SA,TOTAL,T,THS_PER,IT,2018-05-01,2721.0
SA,TOTAL,T,THS_PER,IT,2018-06-01,2768.0
SA,TOTAL,T,THS_PER,IT,2018-07-01,2641.0
SA,TOTAL,T,THS_PER,IT,2018-08-01,2522.0
SA,TOTAL,T,THS_PER,IT,2018-09-01,
SA,TOTAL,T,THS_PER,JP,2017-10-01,1860.0
SA,TOTAL,T,THS_PER,JP,2017-11-01,1840.0
SA,TOTAL,T,THS_PER,JP,2017-12-01,1850.0
SA,TOTAL,T,THS_PER,JP,2018-01-01,1610.0
SA,TOTAL,T,THS_PER,JP,2018-02-01,1690.0
SA,TOTAL,T,THS_PER,JP,2018-03-01,1710.0
SA,TOTAL,T,THS_PER,JP,2018-04-01,1730.0
SA,TOTAL,T,THS_PER,JP,2018-05-01,1510.0
SA,TOTAL,T,THS_PER,JP,2018-06-01,1670.0
SA,TOTAL,T,THS_PER,JP,2018-07-01,1720.0
SA,TOTAL,T,THS_PER,JP,2018-08-01,1670.0
SA,TOTAL,T,THS_PER,JP,2018-09-01,
SA,TOTAL,T,THS_PER,LT,2017-10-01,97.0
SA,TOTAL,T,THS_PER,LT,2017-11-01,97.0
SA,TOTAL,T,THS_PER,LT,2017-12-01,99.0
SA,TOTAL,T,THS_PER,LT,2018-01-01,92.0
SA,TOTAL,T,THS_PER,LT,2018-02-01,91.0
SA,TOTAL,T,THS_PER,LT,2018-03-01,94.0
SA,TOTAL,T,THS_PER,LT,2018-04-01,86.0
SA,TOTAL,T,THS_PER,LT,2018-05-01,84.0
SA,TOTAL,T,THS_PER,LT,2018-06-01,84.0
SA,TOTAL,T,THS_PER,LT,2018-07-01,91.0
SA,TOTAL,T,THS_PER,LT,2018-08-01,90.0
SA,TOTAL,T,THS_PER,LT,2018-09-01,
SA,TOTAL,T,THS_PER,LU,2017-10-01,16.0
SA,TOTAL,T,THS_PER,LU,2017-11-01,16.0
SA,TOTAL,T,THS_PER,LU,2017-12-01,16.0
SA,TOTAL,T,THS_PER,LU,2018-01-01,15.0
SA,TOTAL,T,THS_PER,LU,2018-02-01,16.0
SA,TOTAL,T,THS_PER,LU,2018-03-01,16.0
SA,TOTAL,T,THS_PER,LU,2018-04-01,15.0
SA,TOTAL,T,THS_PER,LU,2018-05-01,15.0
SA,TOTAL,T,THS_PER,LU,2018-06-01,15.0
SA,TOTAL,T,THS_PER,LU,2018-07-01,15.0
SA,TOTAL,T,THS_PER,LU,2018-08-01,15.0
SA,TOTAL,T,THS_PER,LU,2018-09-01,
SA,TOTAL,T,THS_PER,LV,2017-10-01,82.0
SA,TOTAL,T,THS_PER,LV,2017-11-01,81.0
SA,TOTAL,T,THS_PER,LV,2017-12-01,80.0
SA,TOTAL,T,THS_PER,LV,2018-01-01,79.0
SA,TOTAL,T,THS_PER,LV,2018-02-01,77.0
SA,TOTAL,T,THS_PER,LV,2018-03-01,76.0
SA,TOTAL,T,THS_PER,LV,2018-04-01,76.0
SA,TOTAL,T,THS_PER,LV,2018-05-01,76.0
SA,TOTAL,T,THS_PER,LV,2018-06-01,76.0
SA,TOTAL,T,THS_PER,LV,2018-07-01,74.0
SA,TOTAL,T,THS_PER,LV,2018-08-01,72.0
SA,TOTAL,T,THS_PER,LV,2018-09-01,
SA,TOTAL,T,THS_PER,MT,2017-10-01,10.0
SA,TOTAL,T,THS_PER,MT,2017-11-01,10.0
SA,TOTAL,T,THS_PER,MT,2017-12-01,10.0
SA,TOTAL,T,THS_PER,MT,2018-01-01,10.0
SA,TOTAL,T,THS_PER,MT,2018-02-01,10.0
SA,TOTAL,T,THS_PER,MT,2018-03-01,10.0
SA,TOTAL,T,THS_PER,MT,2018-04-01,9.0
SA,TOTAL,T,THS_PER,MT,2018-05-01,9.0
SA,TOTAL,T,THS_PER,MT,2018-06-01,9.0
SA,TOTAL,T,THS_PER,MT,2018-07-01,9.0
SA,TOTAL,T,THS_PER,MT,2018-08-01,9.0
SA,TOTAL,T,THS_PER,MT,2018-09-01,
SA,TOTAL,T,THS_PER,NL,2017-10-01,404.0
SA,TOTAL,T,THS_PER,NL,2017-11-01,397.0
SA,TOTAL,T,THS_PER,NL,2017-12-01,395.0
SA,TOTAL,T,THS_PER,NL,2018-01-01,380.0
SA,TOTAL,T,THS_PER,NL,2018-02-01,367.0
SA,TOTAL,T,THS_PER,NL,2018-03-01,357.0
SA,TOTAL,T,THS_PER,NL,2018-04-01,355.0
SA,TOTAL,T,THS_PER,NL,2018-05-01,352.0
SA,TOTAL,T,THS_PER,NL,2018-06-01,354.0
SA,TOTAL,T,THS_PER,NL,2018-07-01,348.0
SA,TOTAL,T,THS_PER,NL,2018-08-01,353.0
SA,TOTAL,T,THS_PER,NL,2018-09-01,343.0
SA,TOTAL,T,THS_PER,NO,2017-10-01,110.0
SA,TOTAL,T,THS_PER,NO,2017-11-01,112.0
SA,TOTAL,T,THS_PER,NO,2017-12-01,112.0
SA,TOTAL,T,THS_PER,NO,2018-01-01,111.0
SA,TOTAL,T,THS_PER,NO,2018-02-01,108.0
SA,TOTAL,T,THS_PER,NO,2018-03-01,109.0
SA,TOTAL,T,THS_PER,NO,2018-04-01,105.0
SA,TOTAL,T,THS_PER,NO,2018-05-01,107.0
SA,TOTAL,T,THS_PER,NO,2018-06-01,108.0
SA,TOTAL,T,THS_PER,NO,2018-07-01,113.0
SA,TOTAL,T,THS_PER,NO,2018-08-01,
SA,TOTAL,T,THS_PER,NO,2018-09-01,
SA,TOTAL,T,THS_PER,PL,2017-10-01,785.0
SA,TOTAL,T,THS_PER,PL,2017-11-01,769.0
SA,TOTAL,T,THS_PER,PL,2017-12-01,745.0
SA,TOTAL,T,THS_PER,PL,2018-01-01,716.0
SA,TOTAL,T,THS_PER,PL,2018-02-01,691.0
SA,TOTAL,T,THS_PER,PL,2018-03-01,673.0
SA,TOTAL,T,THS_PER,PL,2018-04-01,657.0
SA,TOTAL,T,THS_PER,PL,2018-05-01,639.0
SA,TOTAL,T,THS_PER,PL,2018-06-01,622.0
SA,TOTAL,T,THS_PER,PL,2018-07-01,603.0
SA,TOTAL,T,THS_PER,PL,2018-08-01,585.0
SA,TOTAL,T,THS_PER,PL,2018-09-01,
SA,TOTAL,T,THS_PER,PT,2017-10-01,434.0
SA,TOTAL,T,THS_PER,PT,2017-11-01,417.0
SA,TOTAL,T,THS_PER,PT,2017-12-01,411.0
SA,TOTAL,T,THS_PER,PT,2018-01-01,408.0
SA,TOTAL,T,THS_PER,PT,2018-02-01,395.0
SA,TOTAL,T,THS_PER,PT,2018-03-01,385.0
SA,TOTAL,T,THS_PER,PT,2018-04-01,368.0
SA,TOTAL,T,THS_PER,PT,2018-05-01,363.0
SA,TOTAL,T,THS_PER,PT,2018-06-01,353.0
SA,TOTAL,T,THS_PER,PT,2018-07-01,351.0
SA,TOTAL,T,THS_PER,PT,2018-08-01,353.0
SA,TOTAL,T,THS_PER,PT,2018-09-01,
SA,TOTAL,T,THS_PER,RO,2017-10-01,434.0
SA,TOTAL,T,THS_PER,RO,2017-11-01,427.0
SA,TOTAL,T,THS_PER,RO,2017-12-01,419.0
SA,TOTAL,T,THS_PER,RO,2018-01-01,413.0
SA,TOTAL,T,THS_PER,RO,2018-02-01,408.0
SA,TOTAL,T,THS_PER,RO,2018-03-01,404.0
SA,TOTAL,T,THS_PER,RO,2018-04-01,395.0
SA,TOTAL,T,THS_PER,RO,2018-05-01,381.0
SA,TOTAL,T,THS_PER,RO,2018-06-01,377.0
SA,TOTAL,T,THS_PER,RO,2018-07-01,386.0
SA,TOTAL,T,THS_PER,RO,2018-08-01,386.0
SA,TOTAL,T,THS_PER,RO,2018-09-01,
SA,TOTAL,T,THS_PER,SE,2017-10-01,359.0
SA,TOTAL,T,THS_PER,SE,2017-11-01,345.0
SA,TOTAL,T,THS_PER,SE,2017-12-01,349.0
SA,TOTAL,T,THS_PER,SE,2018-01-01,353.0
SA,TOTAL,T,THS_PER,SE,2018-02-01,320.0
SA,TOTAL,T,THS_PER,SE,2018-03-01,336.0
SA,TOTAL,T,THS_PER,SE,2018-04-01,344.0
SA,TOTAL,T,THS_PER,SE,2018-05-01,333.0
SA,TOTAL,T,THS_PER,SE,2018-06-01,344.0
SA,TOTAL,T,THS_PER,SE,2018-07-01,352.0
SA,TOTAL,T,THS_PER,SE,2018-08-01,360.0
SA,TOTAL,T,THS_PER,SE,2018-09-01,
SA,TOTAL,T,THS_PER,SI,2017-10-01,62.0
SA,TOTAL,T,THS_PER,SI,2017-11-01,59.0
SA,TOTAL,T,THS_PER,SI,2017-12-01,58.0
SA,TOTAL,T,THS_PER,SI,2018-01-01,58.0
SA,TOTAL,T,THS_PER,SI,2018-02-01,58.0
SA,TOTAL,T,THS_PER,SI,2018-03-01,56.0
SA,TOTAL,T,THS_PER,SI,2018-04-01,56.0
SA,TOTAL,T,THS_PER,SI,2018-05-01,55.0
SA,TOTAL,T,THS_PER,SI,2018-06-01,55.0
SA,TOTAL,T,THS_PER,SI,2018-07-01,55.0
SA,TOTAL,T,THS_PER,SI,2018-08-01,55.0
SA,TOTAL,T,THS_PER,SI,2018-09-01,
SA,TOTAL,T,THS_PER,SK,2017-10-01,212.0
SA,TOTAL,T,THS_PER,SK,2017-11-01,208.0
SA,TOTAL,T,THS_PER,SK,2017-12-01,204.0
SA,TOTAL,T,THS_PER,SK,2018-01-01,201.0
SA,TOTAL,T,THS_PER,SK,2018-02-01,196.0
SA,TOTAL,T,THS_PER,SK,2018-03-01,192.0
SA,TOTAL,T,THS_PER,SK,2018-04-01,189.0
SA,TOTAL,T,THS_PER,SK,2018-05-01,187.0
SA,TOTAL,T,THS_PER,SK,2018-06-01,185.0
SA,TOTAL,T,THS_PER,SK,2018-07-01,182.0
SA,TOTAL,T,THS_PER,SK,2018-08-01,180.0
SA,TOTAL,T,THS_PER,SK,2018-09-01,
SA,TOTAL,T,THS_PER,TR,2017-10-01,3268.0
SA,TOTAL,T,THS_PER,TR,2017-11-01,3242.0
SA,TOTAL,T,THS_PER,TR,2017-12-01,3177.0
SA,TOTAL,T,THS_PER,TR,2018-01-01,3178.0
SA,TOTAL,T,THS_PER,TR,2018-02-01,3173.0
SA,TOTAL,T,THS_PER,TR,2018-03-01,3202.0
SA,TOTAL,T,THS_PER,TR,2018-04-01,3310.0
SA,TOTAL,T,THS_PER,TR,2018-05-01,3410.0
SA,TOTAL,T,THS_PER,TR,2018-06-01,3507.0
SA,TOTAL,T,THS_PER,TR,2018-07-01,
SA,TOTAL,T,THS_PER,TR,2018-08-01,
SA,TOTAL,T,THS_PER,TR,2018-09-01,
SA,TOTAL,T,THS_PER,UK,2017-10-01,1415.0
SA,TOTAL,T,THS_PER,UK,2017-11-01,1429.0
SA,TOTAL,T,THS_PER,UK,2017-12-01,1413.0
SA,TOTAL,T,THS_PER,UK,2018-01-01,1391.0
SA,TOTAL,T,THS_PER,UK,2018-02-01,1397.0
SA,TOTAL,T,THS_PER,UK,2018-03-01,1385.0
SA,TOTAL,T,THS_PER,UK,2018-04-01,1351.0
SA,TOTAL,T,THS_PER,UK,2018-05-01,1315.0
SA,TOTAL,T,THS_PER,UK,2018-06-01,1327.0
SA,TOTAL,T,THS_PER,UK,2018-07-01,1350.0
SA,TOTAL,T,THS_PER,UK,2018-08-01,
SA,TOTAL,T,THS_PER,UK,2018-09-01,
SA,TOTAL,T,THS_PER,US,2017-10-01,6510.0
SA,TOTAL,T,THS_PER,US,2017-11-01,6642.0
SA,TOTAL,T,THS_PER,US,2017-12-01,6577.0
SA,TOTAL,T,THS_PER,US,2018-01-01,6661.0
SA,TOTAL,T,THS_PER,US,2018-02-01,6703.0
SA,TOTAL,T,THS_PER,US,2018-03-01,6590.0
SA,TOTAL,T,THS_PER,US,2018-04-01,6383.0
SA,TOTAL,T,THS_PER,US,2018-05-01,6078.0
SA,TOTAL,T,THS_PER,US,2018-06-01,6532.0
SA,TOTAL,T,THS_PER,US,2018-07-01,6283.0
SA,TOTAL,T,THS_PER,US,2018-08-01,6208.0
SA,TOTAL,T,THS_PER,US,2018-09-01,
